Epoch: 199, error: 0.020678960250105287
Best result: gens: [-0.017530139715766255, 0.0009934681170447501, 8.539337062466879e-05, 11.326867710659888, -0.02232292400736898, -12.070577661943187, 0.004295420637351482, -0.0006457845575841875, -0.1535749275903142]


y = -0.0175 + 0.001*(x + 11.326) + 0.0001*(x - 0.0223)^(2) - 12.07*(x - 0.0006)^(-1) - 0.0043*(x-0.154)^(-2)
