Epoch: 199, error: 0.5095249449684762
Best result: gens: [0.015384377752183945, -1.2957578285170026, -0.0431459770986777, -1.728282120386249, -8.857286528134235, -10.820863872516068, 75.32268357653072, 0.09645439518740842, -9.647904484193386]


y = 0.015 - 1.296*(x - 1.728) - 0.043*(x - 8.857)^2 - 10.82*(x + 0.096)^(-1) + 75.323*(x - 9.648)^(-2)
