Epoch: 199, error: 0.05558598915236824
Best result: gens: [21.317794280640204, -0.6349719891544744, -0.010281555984691082, 19.14384418231447, -29.983630951407747, -1.1233650008773277, 0.9993929507556367, -7.902123334334351, 8.491238895987577e-09]


y = 21.318 - 0.635*(x + 19.144) - 0.01*(x - 29.984)^(2) - 29.984*(x - 7.902)^(-1) - 1.123*(x-0.000)^(-2)
